QR 1s and 0s Version
Message: Hello World
Version: 1
Encoding Mode: Byte
Error Correction Level: Medium (~15% Recovery Capacity)
Mask: 3
0 0 0 0 0 0 0 0 0 0 0 0 0 0 0 0 0 0 0 0 0 0 0 0 0 0 0 0 0
0 0 0 0 0 0 0 0 0 0 0 0 0 0 0 0 0 0 0 0 0 0 0 0 0 0 0 0 0
0 0 0 0 0 0 0 0 0 0 0 0 0 0 0 0 0 0 0 0 0 0 0 0 0 0 0 0 0
0 0 0 0 0 0 0 0 0 0 0 0 0 0 0 0 0 0 0 0 0 0 0 0 0 0 0 0 0
0 0 0 0 1 1 1 1 1 1 1 0 1 0 1 0 1 0 1 1 1 1 1 1 1 0 0 0 0
0 0 0 0 1 0 0 0 0 0 1 0 1 1 1 1 0 0 1 0 0 0 0 0 1 0 0 0 0
0 0 0 0 1 0 1 1 1 0 1 0 0 1 0 0 0 0 1 0 1 1 1 0 1 0 0 0 0
0 0 0 0 1 0 1 1 1 0 1 0 1 1 0 1 1 0 1 0 1 1 1 0 1 0 0 0 0
0 0 0 0 1 0 1 1 1 0 1 0 0 1 0 1 0 0 1 0 1 1 1 0 1 0 0 0 0
0 0 0 0 1 0 0 0 0 0 1 0 0 1 0 1 1 0 1 0 0 0 0 0 1 0 0 0 0
0 0 0 0 1 1 1 1 1 1 1 0 1 0 1 0 1 0 1 1 1 1 1 1 1 0 0 0 0
0 0 0 0 0 0 0 0 0 0 0 0 1 0 0 1 1 0 0 0 0 0 0 0 0 0 0 0 0
0 0 0 0 1 0 1 1 0 1 1 1 0 1 1 1 1 0 1 0 0 1 0 1 1 0 0 0 0
0 0 0 0 0 0 0 1 0 1 0 1 0 0 0 1 1 1 1 1 1 1 1 0 1 0 0 0 0
0 0 0 0 0 1 1 1 0 0 1 1 0 0 0 1 0 1 0 1 0 0 0 1 1 0 0 0 0
0 0 0 0 1 1 0 1 1 1 0 1 0 0 1 1 0 0 0 1 0 1 0 1 0 0 0 0 0
0 0 0 0 0 1 1 0 1 0 1 1 0 0 0 0 1 1 1 0 0 0 0 0 1 0 0 0 0
0 0 0 0 0 0 0 0 0 0 0 0 1 1 1 1 0 0 1 1 0 0 1 0 1 0 0 0 0
0 0 0 0 1 1 1 1 1 1 1 0 1 1 1 1 1 1 1 1 1 0 0 0 0 0 0 0 0
0 0 0 0 1 0 0 0 0 0 1 0 1 0 0 0 0 1 0 1 0 1 1 1 1 0 0 0 0
0 0 0 0 1 0 1 1 1 0 1 0 0 1 0 0 1 0 0 0 0 1 1 0 0 0 0 0 0
0 0 0 0 1 0 1 1 1 0 1 0 1 0 0 0 0 0 1 0 0 1 1 1 0 0 0 0 0
0 0 0 0 1 0 1 1 1 0 1 0 1 1 0 0 1 0 0 1 0 0 1 0 0 0 0 0 0
0 0 0 0 1 0 0 0 0 0 1 0 0 1 1 1 0 1 1 1 1 0 0 0 1 0 0 0 0
0 0 0 0 1 1 1 1 1 1 1 0 1 1 0 1 0 1 1 1 0 0 1 0 0 0 0 0 0
0 0 0 0 0 0 0 0 0 0 0 0 0 0 0 0 0 0 0 0 0 0 0 0 0 0 0 0 0
0 0 0 0 0 0 0 0 0 0 0 0 0 0 0 0 0 0 0 0 0 0 0 0 0 0 0 0 0
0 0 0 0 0 0 0 0 0 0 0 0 0 0 0 0 0 0 0 0 0 0 0 0 0 0 0 0 0
0 0 0 0 0 0 0 0 0 0 0 0 0 0 0 0 0 0 0 0 0 0 0 0 0 0 0 0 0
