QR 1s and 0s Version
Message: HELLOWORLD
Version: 1
Encoding Mode: Alphanumeric
Error Correction Level: Medium (~15% Recovery Capacity)
Mask: 4

0 0 0 0 0 0 0 0 0 0 0 0 0 0 0 0 0 0 0 0 0 0 0 0 0 0 0 0 0
0 0 0 0 0 0 0 0 0 0 0 0 0 0 0 0 0 0 0 0 0 0 0 0 0 0 0 0 0
0 0 0 0 0 0 0 0 0 0 0 0 0 0 0 0 0 0 0 0 0 0 0 0 0 0 0 0 0
0 0 0 0 0 0 0 0 0 0 0 0 0 0 0 0 0 0 0 0 0 0 0 0 0 0 0 0 0
0 0 0 0 1 1 1 1 1 1 1 0 1 0 1 0 0 0 1 1 1 1 1 1 1 0 0 0 0
0 0 0 0 1 0 0 0 0 0 1 0 0 1 0 1 1 0 1 0 0 0 0 0 1 0 0 0 0
0 0 0 0 1 0 1 1 1 0 1 0 0 1 0 0 1 0 1 0 1 1 1 0 1 0 0 0 0
0 0 0 0 1 0 1 1 1 0 1 0 1 1 1 0 1 0 1 0 1 1 1 0 1 0 0 0 0
0 0 0 0 1 0 1 1 1 0 1 0 1 0 0 0 1 0 1 0 1 1 1 0 1 0 0 0 0
0 0 0 0 1 0 0 0 0 0 1 0 1 1 1 1 0 0 1 0 0 0 0 0 1 0 0 0 0
0 0 0 0 1 1 1 1 1 1 1 0 1 0 1 0 1 0 1 1 1 1 1 1 1 0 0 0 0
0 0 0 0 0 0 0 0 0 0 0 0 1 0 1 1 1 0 0 0 0 0 0 0 0 0 0 0 0
0 0 0 0 1 0 0 0 1 0 1 1 1 0 1 1 0 1 1 1 1 1 0 0 1 0 0 0 0
0 0 0 0 1 1 0 0 1 0 0 0 0 1 1 1 1 0 0 0 0 1 1 0 0 0 0 0 0
0 0 0 0 0 1 1 0 1 0 1 1 0 1 1 1 0 0 1 1 1 0 1 0 1 0 0 0 0
0 0 0 0 0 0 1 0 0 1 0 1 1 1 1 0 0 1 1 1 0 1 1 0 0 0 0 0 0
0 0 0 0 0 1 1 0 0 1 1 0 1 0 0 0 1 1 1 1 1 0 1 1 1 0 0 0 0
0 0 0 0 0 0 0 0 0 0 0 0 1 0 1 0 1 1 1 1 1 1 0 0 0 0 0 0 0
0 0 0 0 1 1 1 1 1 1 1 0 1 1 1 0 1 1 0 1 0 0 0 0 0 0 0 0 0
0 0 0 0 1 0 0 0 0 0 1 0 0 0 1 1 1 0 0 0 0 1 0 1 0 0 0 0 0
0 0 0 0 1 0 1 1 1 0 1 0 1 0 0 1 0 0 1 0 1 1 1 0 1 0 0 0 0
0 0 0 0 1 0 1 1 1 0 1 0 0 1 1 1 1 0 0 1 0 1 1 1 1 0 0 0 0
0 0 0 0 1 0 1 1 1 0 1 0 0 1 1 1 0 0 1 1 0 1 1 0 0 0 0 0 0
0 0 0 0 1 0 0 0 0 0 1 0 0 1 0 0 0 1 1 1 0 1 0 0 1 0 0 0 0
0 0 0 0 1 1 1 1 1 1 1 0 1 0 1 0 1 1 1 0 0 0 0 1 1 0 0 0 0
0 0 0 0 0 0 0 0 0 0 0 0 0 0 0 0 0 0 0 0 0 0 0 0 0 0 0 0 0
0 0 0 0 0 0 0 0 0 0 0 0 0 0 0 0 0 0 0 0 0 0 0 0 0 0 0 0 0
0 0 0 0 0 0 0 0 0 0 0 0 0 0 0 0 0 0 0 0 0 0 0 0 0 0 0 0 0
0 0 0 0 0 0 0 0 0 0 0 0 0 0 0 0 0 0 0 0 0 0 0 0 0 0 0 0 0
